M1 = 206  M2 = 2 M3 = 207  M4 = 1 Beam energy = 7.38 MeV/A  Q value = 0 MeV
Bz = 2.5 T  q = 1  T cyc = 26.04473 ns
Qvalue (MeV) =   1.0048 *E4 (MeV) +  -7.3443 -   0.1494 *z (cm)
radius Si detector = 3 cm  detector between -10 and -60 cm    radius magnet = 45 cm    inhomogeneity in Bz = .5 %
Si pitch z = .95 mm    pitch x = 2 mm     Si FWHM E4 = 50 keV    E4 threshold = 2.7 MeV
target thickness = .165 mg/cm**2  no. of targets = 1
beam stopping = 116.5 MeV/mg/cm**2     ejectile stopping power file: proton_srim.txt  beam stopping flag = 1   ejectile stopping flag = 1 
Z beam = 80   beam charge state =   61.7  Z target = 6   A target = 12    ejectile multiple scattering flag = 1 beam multiple scattering flag = 1
multiple scattering factor = 1 
FWHM beam straggling = 5 % of energy loss  FWHM ejectile straggling = 40 % of energy loss
FWHM beam spot = 2.3 mm  FWHM beam energy spread = .4 %  FWHM beam divergence = 1.8 mrad
 
number of passes =  100 
theta cm     E4    zeta     t      z     Q value   Dz (pad) (Si)  vertex  corr. t       z     Q value  Delta Q rho_max rad_max distance E4 loss theta  efficiency
 (deg.)     (MeV) (deg.)   (ns)   (cm)    (MeV)     (cm)    (cm)    (cm)       (ns)    (cm)    (MeV)    (keV)    (cm)    (cm)    (cm)   (MeV)   (deg)   (%)
  21.60     2.71  121.41   24.5  -29.21   -0.26     0.00   -1.84    0.00      26.03  -31.06    0.018      0.0   16.17   16.26   56.02   0.000   21.64     1
  21.80     2.72  121.02   24.5  -28.93   -0.28     0.00   -1.80    0.00      26.05  -30.73   -0.013     79.0   16.31   16.51   56.14   0.008   21.77    29
  22.00     2.73  120.64   24.5  -28.71   -0.30     0.00   -1.78    0.00      26.07  -30.49   -0.038     98.4   16.40   16.62   56.34   0.015   21.85    62
  22.20     2.75  120.29   24.6  -28.52   -0.32     0.00   -1.75    0.00      26.06  -30.27   -0.058    126.2   16.49   16.75   56.54   0.020   21.95    92
  22.40     2.77  119.87   24.6  -28.31   -0.33     0.00   -1.73    0.00      26.08  -30.04   -0.075    160.9   16.60   16.84   56.82   0.022   22.08    99
  22.60     2.80  119.52   24.6  -28.18   -0.32     0.00   -1.70    0.00      26.07  -29.88   -0.063    135.0   16.77   17.07   57.20   0.018   22.33   100
  22.80     2.83  119.21   24.6  -28.03   -0.31     0.00   -1.68    0.00      26.06  -29.71   -0.063    120.2   16.90   17.16   57.44   0.021   22.53   100
  23.00     2.86  118.87   24.6  -27.91   -0.30     0.00   -1.66    0.00      26.07  -29.57   -0.051    122.9   17.05   17.35   57.81   0.018   22.76   100
  23.20     2.88  118.49   24.6  -27.67   -0.32     0.00   -1.63    0.00      26.06  -29.30   -0.073    151.9   17.17   17.45   58.01   0.023   22.89   100
  23.40     2.91  118.10   24.6  -27.53   -0.30     0.00   -1.60    0.00      26.08  -29.13   -0.063    129.4   17.33   17.65   58.44   0.019   23.14   100
  23.60     2.94  117.77   24.6  -27.35   -0.30     0.00   -1.58    0.00      26.07  -28.93   -0.066    141.8   17.47   17.86   58.72   0.020   23.33   100
  23.80     2.97  117.48   24.7  -27.24   -0.29     0.00   -1.56    0.00      26.07  -28.80   -0.055    124.7   17.61   17.98   59.03   0.019   23.54   100
  24.00     2.99  117.08   24.7  -26.99   -0.30     0.00   -1.54    0.00      26.07  -28.53   -0.074    148.9   17.73   18.08   59.29   0.022   23.69   100
  24.20     3.03  116.78   24.7  -26.88   -0.29     0.00   -1.52    0.00      26.07  -28.40   -0.058    148.0   17.89   18.20   59.65   0.020   23.94   100
  24.40     3.05  116.40   24.7  -26.63   -0.30     0.00   -1.49    0.00      26.06  -28.12   -0.077    141.9   18.01   18.37   59.91   0.021   24.09   100
  24.60     3.08  116.09   24.7  -26.49   -0.29     0.00   -1.47    0.00      26.07  -27.96   -0.069    136.0   18.15   18.51   60.24   0.022   24.31   100
  24.80     3.11  115.77   24.7  -26.32   -0.29     0.00   -1.45    0.00      26.06  -27.77   -0.069    137.3   18.29   18.64   60.55   0.022   24.50   100
  25.00     3.14  115.39   24.7  -26.09   -0.29     0.00   -1.42    0.00      26.07  -27.52   -0.077    158.9   18.43   18.76   60.85   0.023   24.70   100
  25.20     3.18  115.09   24.7  -25.97   -0.27     0.00   -1.40    0.00      26.06  -27.37   -0.060    145.7   18.59   18.85   61.23   0.020   24.96   100
  25.40     3.20  114.78   24.7  -25.78   -0.28     0.00   -1.39    0.00      26.08  -27.17   -0.070    167.6   18.70   19.00   61.49   0.024   25.09   100
  25.60     3.24  114.47   24.8  -25.62   -0.26     0.00   -1.37    0.00      26.07  -26.99   -0.059    137.0   18.85   19.14   61.87   0.020   25.33   100
  25.80     3.27  114.10   24.8  -25.40   -0.26     0.00   -1.34    0.00      26.06  -26.74   -0.061    135.5   19.02   19.42   62.19   0.020   25.57   100
  26.00     3.30  113.80   24.8  -25.22   -0.26     0.00   -1.32    0.00      26.08  -26.54   -0.063    152.4   19.14   19.50   62.49   0.022   25.74   100
  26.20     3.32  113.53   24.8  -25.05   -0.26     0.00   -1.30    0.00      26.06  -26.35   -0.066    133.7   19.25   19.65   62.76   0.023   25.90   100
  26.40     3.35  113.18   24.8  -24.83   -0.26     0.00   -1.28    0.00      26.07  -26.11   -0.072    154.8   19.38   19.74   63.08   0.025   26.09   100
  26.60     3.39  112.84   24.8  -24.63   -0.25     0.00   -1.26    0.00      26.06  -25.89   -0.065    134.0   19.55   19.82   63.45   0.021   26.35   100
  26.80     3.42  112.57   24.8  -24.47   -0.25     0.00   -1.25    0.00      26.07  -25.72   -0.064    149.2   19.67   20.01   63.77   0.022   26.52   100
  27.00     3.45  112.23   24.8  -24.24   -0.25     0.00   -1.22    0.00      26.06  -25.46   -0.070    157.2   19.81   20.23   64.07   0.023   26.71   100
  27.20     3.49  111.92   24.8  -24.06   -0.24     0.00   -1.21    0.00      26.07  -25.27   -0.058    135.8   19.97   20.24   64.44   0.021   26.96   100
  27.40     3.52  111.62   24.8  -23.84   -0.25     0.00   -1.19    0.00      26.07  -25.03   -0.068    154.7   20.08   20.49   64.73   0.023   27.12   100
  27.60     3.55  111.32   24.8  -23.64   -0.25     0.00   -1.17    0.00      26.07  -24.81   -0.071    145.5   20.21   20.49   65.02   0.025   27.30   100
  27.80     3.58  111.00   24.8  -23.41   -0.25     0.00   -1.15    0.00      26.07  -24.55   -0.075    157.9   20.35   20.63   65.32   0.025   27.51   100
  28.00     3.62  110.72   24.9  -23.25   -0.23     0.00   -1.14    0.00      26.07  -24.38   -0.062    140.3   20.50   20.82   65.69   0.023   27.74   100
  28.20     3.65  110.41   24.9  -23.02   -0.23     0.00   -1.11    0.00      26.07  -24.14   -0.066    155.4   20.63   20.99   66.02   0.023   27.93   100
  28.40     3.69  110.13   24.9  -22.84   -0.23     0.00   -1.10    0.00      26.08  -23.94   -0.064    143.5   20.76   21.10   66.37   0.022   28.12   100
  28.60     3.72  109.82   24.9  -22.60   -0.23     0.00   -1.08    0.00      26.07  -23.68   -0.066    163.1   20.90   21.27   66.66   0.024   28.34   100
  28.80     3.75  109.56   24.9  -22.42   -0.22     0.00   -1.06    0.00      26.07  -23.48   -0.065    160.5   21.02   21.37   66.98   0.024   28.51   100
  29.00     3.79  109.25   24.9  -22.18   -0.23     0.00   -1.04    0.00      26.07  -23.22   -0.073    139.1   21.15   21.47   67.29   0.025   28.69   100
  29.20     3.82  108.96   24.9  -21.98   -0.22     0.00   -1.02    0.00      26.07  -23.00   -0.068    156.9   21.29   21.71   67.64   0.024   28.91   100
  29.40     3.85  108.65   24.9  -21.72   -0.23     0.00   -1.01    0.00      26.07  -22.73   -0.077    155.0   21.41   21.74   67.93   0.027   29.09   100
  29.60     3.89  108.35   24.9  -21.49   -0.22     0.00   -0.99    0.00      26.07  -22.48   -0.074    163.8   21.57   21.90   68.28   0.026   29.33   100
  29.80     3.93  108.13   24.9  -21.35   -0.21     0.00   -0.98    0.00      26.07  -22.33   -0.059    139.5   21.69   22.03   68.63   0.024   29.53   100
  30.00     3.96  107.83   24.9  -21.10   -0.22     0.00   -0.97    0.00      26.07  -22.06   -0.071    155.0   21.81   22.12   68.89   0.028   29.69   100
  30.20     3.99  107.57   24.9  -20.89   -0.21     0.00   -0.95    0.00      26.08  -21.84   -0.071    158.5   21.93   22.25   69.24   0.027   29.88   100
  30.40     4.04  107.25   25.0  -20.66   -0.20     0.00   -0.93    0.00      26.08  -21.59   -0.062    157.1   22.10   22.47   69.64   0.025   30.14   100
  30.60     4.07  106.99   25.0  -20.44   -0.20     0.00   -0.92    0.00      26.08  -21.35   -0.062    161.0   22.22   22.54   69.95   0.025   30.33   100
  30.80     4.10  106.69   25.0  -20.17   -0.21     0.00   -0.90    0.00      26.07  -21.06   -0.073    170.7   22.35   22.67   70.24   0.026   30.51   100
  31.00     4.14  106.40   25.0  -19.93   -0.20     0.00   -0.88    0.00      26.08  -20.81   -0.073    164.4   22.48   22.81   70.60   0.026   30.71   100
  31.20     4.18  106.13   25.0  -19.70   -0.20     0.00   -0.87    0.00      26.08  -20.57   -0.075    146.5   22.60   22.95   70.92   0.027   30.90   100
  31.40     4.21  105.88   25.0  -19.49   -0.20     0.00   -0.85    0.00      26.06  -20.34   -0.073    157.5   22.73   23.08   71.21   0.029   31.10   100
  31.60     4.25  105.59   25.0  -19.23   -0.20     0.00   -0.83    0.00      26.07  -20.06   -0.076    144.2   22.87   23.25   71.57   0.026   31.30   100
  31.80     4.29  105.34   25.0  -19.02   -0.19     0.00   -0.82    0.00      26.07  -19.84   -0.072    159.4   23.00   23.32   71.91   0.026   31.50   100
  32.00     4.33  105.11   25.0  -18.82   -0.18     0.00   -0.81    0.00      26.07  -19.63   -0.061    151.5   23.13   23.46   72.24   0.026   31.72   100
  32.20     4.37  104.81   25.0  -18.57   -0.18     0.00   -0.79    0.00      26.08  -19.36   -0.062    148.0   23.27   23.65   72.63   0.024   31.93   100
  32.40     4.40  104.54   25.0  -18.30   -0.19     0.00   -0.78    0.00      26.07  -19.07   -0.073    154.4   23.38   23.73   72.87   0.029   32.10   100
  32.60     4.44  104.26   25.0  -18.04   -0.19     0.00   -0.76    0.00      26.07  -18.80   -0.074    166.4   23.52   23.89   73.25   0.027   32.31   100
  32.80     4.47  104.04   25.0  -17.84   -0.18     0.00   -0.75    0.00      26.07  -18.59   -0.067    159.8   23.64   23.99   73.53   0.030   32.50   100
  33.00     4.52  103.77   25.0  -17.58   -0.18     0.00   -0.73    0.00      26.07  -18.31   -0.070    168.3   23.77   24.09   73.90   0.028   32.70   100
  33.20     4.56  103.50   25.0  -17.33   -0.18     0.00   -0.72    0.00      26.08  -18.05   -0.072    149.0   23.90   24.26   74.24   0.028   32.90   100
  33.40     4.60  103.22   25.0  -17.05   -0.17     0.00   -0.70    0.00      26.07  -17.75   -0.070    166.1   24.04   24.37   74.60   0.027   33.13   100
  33.60     4.63  102.96   25.0  -16.79   -0.18     0.00   -0.69    0.00      26.07  -17.48   -0.080    176.3   24.15   24.49   74.89   0.030   33.29   100
  33.80     4.67  102.74   25.1  -16.59   -0.17     0.00   -0.68    0.00      26.07  -17.27   -0.071    187.0   24.28   24.73   75.21   0.031   33.49   100
  34.00     4.71  102.45   25.1  -16.30   -0.18     0.00   -0.66    0.00      26.07  -16.96   -0.081    189.8   24.40   24.81   75.55   0.031   33.68   100
  34.20     4.75  102.20   25.1  -16.04   -0.18     0.00   -0.65    0.00      26.07  -16.68   -0.082    168.3   24.52   24.85   75.85   0.033   33.87   100
  34.40     4.79  101.97   25.1  -15.82   -0.16     0.00   -0.63    0.00      26.07  -16.45   -0.070    177.1   24.66   25.00   76.26   0.029   34.11   100
  34.60     4.83  101.74   25.1  -15.57   -0.16     0.00   -0.62    0.00      26.07  -16.19   -0.071    173.9   24.78   25.16   76.56   0.031   34.30   100
  34.80     4.87  101.48   25.1  -15.30   -0.17     0.00   -0.61    0.00      26.07  -15.91   -0.077    174.1   24.90   25.26   76.86   0.035   34.47   100
  35.00     4.91  101.18   25.1  -14.98   -0.17     0.00   -0.59    0.00      26.07  -15.57   -0.084    171.1   25.03   25.38   77.22   0.033   34.69   100
  35.20     4.95  100.94   25.1  -14.71   -0.17     0.00   -0.58    0.00      26.07  -15.29   -0.087    187.4   25.15   25.48   77.52   0.034   34.87   100
  35.40     5.00  100.72   25.1  -14.49   -0.16     0.00   -0.57    0.00      26.07  -15.06   -0.077    177.3   25.28   25.61   77.91   0.032   35.09   100
  35.60     5.04  100.49   25.1  -14.26   -0.15     0.00   -0.56    0.00      26.07  -14.81   -0.065    176.3   25.42   25.74   78.27   0.030   35.32   100
  35.80     5.07  100.24   25.1  -13.95   -0.17     0.00   -0.54    0.00      26.07  -14.49   -0.089    171.2   25.51   25.87   78.50   0.038   35.44   100
  36.00     5.12  100.02   25.1  -13.73   -0.15     0.00   -0.53    0.00      26.07  -14.26   -0.069    188.4   25.66   25.95   78.92   0.033   35.70   100
  36.20     5.15   99.73   25.1  -13.39   -0.16     0.00   -0.51    0.00      26.08  -13.90   -0.086    182.0   25.78   26.15   79.22   0.037   35.88   100
  36.40     5.20   99.48   25.1  -13.10   -0.16     0.00   -0.50    0.00      26.08  -13.60   -0.090    216.0   25.90   26.26   79.56   0.037   36.07   100
  36.60     5.23   99.30   25.1  -12.90   -0.16     0.00   -0.49    0.00      26.07  -13.39   -0.082    186.8   26.00   26.42   79.84   0.040   36.25   100
  36.80     5.27   99.04   25.1  -12.59   -0.16     0.00   -0.48    0.00      26.07  -13.07   -0.090    191.4   26.13   26.45   80.16   0.042   36.44   100
  37.00     5.32   98.87   25.1  -12.42   -0.14     0.00   -0.47    0.00      26.07  -12.88   -0.070    195.5   26.25   26.57   80.56   0.038   36.66   100
  37.20     5.36   98.59   25.1  -12.08   -0.16     0.00   -0.45    0.00      26.08  -12.53   -0.089    218.1   26.36   26.68   80.86   0.043   36.82   100
  37.40     5.41   98.36   25.1  -11.81   -0.15     0.00   -0.44    0.00      26.08  -12.24   -0.082    183.7   26.49   26.81   81.22   0.042   37.05   100
  37.60     5.44   98.15   25.1  -11.56   -0.15     0.00   -0.43    0.00      26.08  -11.99   -0.083    202.3   26.60   27.02   81.51   0.044   37.22    99
  37.80     5.49   97.89   25.1  -11.24   -0.15     0.00   -0.41    0.00      26.08  -11.66   -0.085    209.8   26.73   27.07   81.87   0.043   37.44   100
  38.00     5.53   97.67   25.2  -10.97   -0.15     0.00   -0.40    0.00      26.08  -11.37   -0.085    179.7   26.85   27.21   82.22   0.044   37.63    96
  38.20     5.58   97.46   25.2  -10.72   -0.14     0.00   -0.39    0.00      26.08  -11.11   -0.078    174.9   26.97   27.26   82.54   0.043   37.84    94
  38.40     5.63   97.27   25.2  -10.49   -0.13     0.00   -0.38    0.00      26.07  -10.87   -0.070    138.4   27.09   27.53   82.89   0.042   38.04    85
  38.60     5.68   97.08   25.2  -10.28   -0.10     0.00   -0.37    0.00      26.08  -10.65   -0.044    131.1   27.24   27.59   83.34   0.036   38.31    61
  38.80     5.71   97.04   25.2  -10.24   -0.08     0.00   -0.37    0.00      26.09  -10.61   -0.023    129.9   27.31   27.65   83.56   0.045   38.43    31
  39.00     5.72   97.03   25.2  -10.25   -0.06     0.00   -0.37    0.00      26.08  -10.62   -0.008    114.1   27.34   27.87   83.60   0.069   38.49    14
  39.20     5.74   96.99   25.2  -10.20   -0.05     0.00   -0.37    0.00      26.07  -10.57    0.006    135.6   27.40   27.93   83.78   0.077   38.59     7
  39.40     5.79   97.06   25.1  -10.31    0.02     0.00   -0.37    0.00      26.04  -10.68    0.072      0.0   27.51   28.05   83.98   0.063   38.80     1
zeta approaching 90 degrees, terminate calculation


average rms velocity error =  0.0205 %
average measured Q value =  -0.070 MeV    standard deviation =   69.0 keV  FWHM =  162.2 keV

total number of trajectories 22000   successful trajectories 8371 
low trajectory 0   detector overrun 0   too slow 0   too large radius 0   de/dx lookup error 0   E4 low 10918   miss detector 2711   no z vertex 0   extrapolation fail 0   poor Q value 0 



M1 = 206  M2 = 2 M3 = 207  M4 = 1 Beam energy = 7.38 MeV/A  Q value = 0 MeV
Bz = 2.5 T  q = 1  T cyc = 26.04473 ns
Qvalue (MeV) =   1.0048 *E4 (MeV) +  -7.3443 -   0.1494 *z (cm)
inner radius pad detector = 5.5 cm   radius Si detector = 3 cm  detector between -20 and -70 cm    radius magnet = 35 cm    inhomogeneity in Bz = .5 %
Si pitch z = .95 mm    pitch x = 2 mm     pad FWHM z = 1 mm    pitch pad = 3 mm     Si FWHM E4 = 50 keV    E4 threshold = 2.7 MeV
gas pressure = 50 torr  between 0 and -15 cm
beam stopping = 147.4 MeV/mg/cm**2     ejectile stopping power file: proton_on_deuterium_srim.txt  beam stopping flag = 0   ejectile stopping flag = 0 
Z beam = 80   beam charge state =   62.2  Z target = 1   A target = 2    ejectile multiple scattering flag = 1 beam multiple scattering flag = 1
multiple scattering factor = 1.8 
FWHM beam straggling = 3 % of energy loss  FWHM ejectile straggling = 20 % of energy loss
FWHM beam spot = 2.3 mm  FWHM beam energy spread = .4 %  FWHM beam divergence = 1.8 mrad
window foil thickness = .1 mg/cm^2   window position = -25 cm
 
number of passes =  100 
theta cm     E4    zeta     t      z     Q value   Dz (pad) (Si)  vertex  corr. t       z     Q value  Delta Q rho_max rad_max distance E4 loss theta  efficiency
 (deg.)     (MeV) (deg.)   (ns)   (cm)    (MeV)     (cm)    (cm)    (cm)       (ns)    (cm)    (MeV)    (keV)    (cm)    (cm)    (cm)   (MeV)   (deg)   (%)
  21.60     2.71  121.36   24.5  -25.85   -0.75     3.48   -1.84   -6.99      26.08  -31.16    0.042     47.9   16.19   16.42   56.09  -0.000   21.70    41
  21.80     2.73  120.99   24.6  -25.69   -0.76     3.38   -1.81   -7.66      26.09  -30.91    0.022     60.8   16.30   16.61   56.38  -0.000   21.83    92
  22.00     2.76  120.63   24.6  -25.59   -0.75     3.38   -1.78   -7.37      26.09  -30.75    0.024     56.3   16.44   16.76   56.69   0.000   22.02   100
  22.20     2.78  120.27   24.6  -25.51   -0.73     3.31   -1.76   -6.98      26.09  -30.61    0.026     56.2   16.56   16.88   57.00  -0.000   22.19   100
  22.40     2.81  119.90   24.6  -25.37   -0.73     3.29   -1.74   -7.09      26.09  -30.38    0.019     73.0   16.71   16.99   57.29  -0.000   22.39   100
  22.60     2.84  119.54   24.6  -25.30   -0.71     3.27   -1.71   -7.54      26.09  -30.24    0.026     55.1   16.84   17.15   57.59   0.000   22.59   100
  22.80     2.87  119.19   24.6  -25.15   -0.71     3.20   -1.69   -7.12      26.09  -30.02    0.021     64.5   16.99   17.28   57.91   0.000   22.79   100
  23.00     2.90  118.84   24.6  -25.04   -0.69     3.11   -1.66   -7.12      26.08  -29.84    0.022     66.4   17.14   17.45   58.22   0.000   23.00   100
  23.20     2.92  118.49   24.6  -24.92   -0.68     3.07   -1.63   -7.17      26.08  -29.63    0.024     62.7   17.29   17.57   58.51  -0.000   23.22   100
  23.40     2.95  118.14   24.7  -24.81   -0.67     3.03   -1.62   -7.39      26.08  -29.47    0.025     69.8   17.42   17.72   58.82   0.000   23.41   100
  23.60     2.98  117.77   24.7  -24.66   -0.67     3.04   -1.59   -7.65      26.09  -29.23    0.018     64.9   17.57   17.83   59.15  -0.000   23.60   100
  23.80     3.01  117.44   24.7  -24.53   -0.66     2.94   -1.57   -7.37      26.09  -29.05    0.015     62.9   17.69   17.99   59.47   0.000   23.78   100
  24.00     3.04  117.10   24.7  -24.42   -0.64     2.88   -1.54   -7.73      26.09  -28.87    0.022     64.3   17.85   18.14   59.79  -0.000   24.01   100
  24.20     3.07  116.77   24.7  -24.30   -0.63     2.89   -1.52   -7.64      26.08  -28.69    0.024     66.4   17.98   18.35   60.09  -0.000   24.20   100
  24.40     3.10  116.43   24.7  -24.16   -0.62     2.80   -1.50   -7.48      26.08  -28.47    0.021     70.0   18.12   18.41   60.40   0.000   24.40   100
  24.60     3.13  116.09   24.7  -24.03   -0.61     2.79   -1.48   -7.06      26.09  -28.29    0.022     66.6   18.26   18.60   60.73  -0.000   24.59   100
  24.80     3.16  115.75   24.7  -23.88   -0.60     2.72   -1.45   -7.50      26.08  -28.06    0.021     66.2   18.41   18.79   61.03  -0.000   24.81   100
  25.00     3.19  115.43   24.7  -23.75   -0.60     2.69   -1.44   -6.54      26.08  -27.88    0.021     61.2   18.54   18.84   61.33  -0.000   24.99   100
  25.20     3.21  115.10   24.8  -23.57   -0.59     2.66   -1.41   -7.91      26.08  -27.64    0.015     77.3   18.68   18.94   61.65   0.000   25.18   100
  25.40     3.25  114.77   24.8  -23.46   -0.58     2.61   -1.39   -7.65      26.09  -27.47    0.021     62.7   18.82   19.15   62.01   0.000   25.39   100
  25.60     3.28  114.45   24.8  -23.30   -0.57     2.54   -1.37   -7.24      26.08  -27.25    0.019     66.9   18.96   19.22   62.30  -0.000   25.59   100
  25.80     3.31  114.13   24.8  -23.14   -0.56     2.53   -1.35   -7.41      26.09  -27.03    0.020     66.2   19.10   19.37   62.64  -0.000   25.81   100
  26.00     3.34  113.81   24.8  -22.98   -0.56     2.53   -1.33   -7.09      26.08  -26.80    0.016     65.7   19.24   19.50   62.94   0.000   26.00   100
  26.20     3.37  113.49   24.8  -22.82   -0.54     2.49   -1.30   -6.44      26.09  -26.57    0.018     72.5   19.39   19.60   63.27  -0.000   26.22   100
  26.40     3.40  113.17   24.8  -22.67   -0.54     2.43   -1.29   -7.41      26.09  -26.39    0.016     72.1   19.51   19.84   63.59  -0.000   26.39   100
  26.60     3.44  112.85   24.8  -22.51   -0.52     2.37   -1.27   -7.89      26.08  -26.16    0.021     68.2   19.67   19.94   63.90   0.000   26.62   100
  26.80     3.47  112.54   24.8  -22.36   -0.52     2.34   -1.25   -7.35      26.09  -25.96    0.019     66.0   19.79   20.10   64.24   0.000   26.80   100
  27.00     3.50  112.23   24.8  -22.21   -0.51     2.34   -1.23   -7.29      26.09  -25.75    0.023     69.3   19.93   20.16   64.56  -0.000   27.01   100
  27.20     3.53  111.94   24.9  -22.04   -0.50     2.28   -1.21   -7.42      26.09  -25.52    0.022     62.9   20.07   20.37   64.90   0.000   27.22   100
  27.40     3.57  111.63   24.9  -21.87   -0.49     2.25   -1.19   -7.67      26.08  -25.31    0.019     74.8   20.20   20.47   65.19   0.000   27.39   100
  27.60     3.60  111.32   24.9  -21.70   -0.49     2.20   -1.17   -7.99      26.08  -25.08    0.019     61.2   20.33   20.65   65.51   0.000   27.60   100
  27.80     3.63  111.02   24.9  -21.51   -0.48     2.19   -1.16   -7.06      26.09  -24.84    0.015     62.3   20.47   20.75   65.85   0.000   27.79   100
  28.00     3.66  110.72   24.9  -21.34   -0.47     2.11   -1.14   -7.90      26.09  -24.61    0.016     65.5   20.61   20.86   66.17  -0.000   28.00   100
  28.20     3.70  110.42   24.9  -21.17   -0.46     2.10   -1.12   -7.81      26.09  -24.39    0.020     70.6   20.76   21.10   66.50  -0.000   28.22   100
  28.40     3.73  110.12   24.9  -20.99   -0.46     2.10   -1.10   -7.61      26.08  -24.16    0.016     55.4   20.87   21.25   66.79   0.000   28.39   100
  28.60     3.77  109.82   24.9  -20.80   -0.46     2.03   -1.08   -7.83      26.10  -23.92    0.011     62.2   21.00   21.33   67.17  -0.000   28.57   100
  28.80     3.80  109.53   24.9  -20.63   -0.44     2.02   -1.07   -7.93      26.09  -23.70    0.017     69.8   21.15   21.46   67.48  -0.000   28.80   100
  29.00     3.84  109.25   24.9  -20.44   -0.44     1.98   -1.05   -6.70      26.08  -23.46    0.014     67.9   21.28   21.61   67.79  -0.000   28.99   100
  29.20     3.87  108.96   24.9  -20.28   -0.43     1.95   -1.04   -7.61      26.08  -23.26    0.019     65.1   21.41   21.69   68.12  -0.000   29.19   100
  29.40     3.91  108.66   24.9  -20.08   -0.42     1.92   -1.01   -7.73      26.09  -23.00    0.019     69.0   21.56   21.82   68.47  -0.000   29.41   100
  29.60     3.94  108.38   24.9  -19.90   -0.41     1.89   -1.00   -7.73      26.08  -22.77    0.018     71.7   21.68   21.91   68.76   0.000   29.59   100
  29.80     3.98  108.09   25.0  -19.69   -0.41     1.81   -0.98   -8.17      26.09  -22.52    0.017     77.1   21.82   22.17   69.13   0.000   29.80   100
  30.00     4.01  107.81   25.0  -19.50   -0.40     1.80   -0.97   -7.55      26.09  -22.28    0.019     62.8   21.96   22.25   69.44  -0.000   30.01   100
  30.20     4.05  107.54   25.0  -19.33   -0.39     1.77   -0.95   -7.45      26.08  -22.06    0.022     69.8   22.09   22.41   69.77  -0.000   30.21   100
  30.40     4.08  107.25   25.0  -19.11   -0.39     1.75   -0.94   -7.11      26.10  -21.80    0.015     67.5   22.21   22.48   70.13   0.000   30.39   100
  30.60     4.12  106.96   25.0  -18.90   -0.38     1.72   -0.91   -7.00      26.08  -21.54    0.015     64.4   22.35   22.60   70.42   0.000   30.60   100
  30.80     4.16  106.69   25.0  -18.72   -0.37     1.68   -0.90   -6.89      26.09  -21.31    0.021     70.4   22.49   22.75   70.78  -0.000   30.82   100
  31.00     4.19  106.42   25.0  -18.51   -0.37     1.67   -0.88   -7.48      26.07  -21.05    0.014     67.1   22.61   22.94   71.06  -0.000   30.99   100
  31.20     4.23  106.14   25.0  -18.31   -0.35     1.61   -0.87   -7.44      26.08  -20.81    0.022     71.4   22.76   23.09   71.42  -0.000   31.23   100
  31.40     4.27  105.87   25.0  -18.10   -0.35     1.59   -0.85   -7.36      26.08  -20.56    0.016     66.8   22.87   23.15   71.73   0.000   31.40    99
  31.60     4.31  105.60   25.0  -17.90   -0.34     1.57   -0.84   -7.03      26.09  -20.32    0.019     69.5   23.01   23.32   72.10   0.000   31.60    95
  31.80     4.34  105.34   25.0  -17.69   -0.34     1.55   -0.82   -7.84      26.09  -20.06    0.018     72.7   23.14   23.47   72.44  -0.000   31.80    96
  32.00     4.38  105.08   25.0  -17.47   -0.33     1.52   -0.81   -8.17      26.09  -19.80    0.018     63.8   23.27   23.57   72.77   0.000   32.01    93
  32.20     4.42  104.80   25.0  -17.25   -0.33     1.48   -0.79   -8.71      26.09  -19.53    0.016     63.4   23.40   23.69   73.08  -0.000   32.21    92
  32.40     4.46  104.54   25.0  -17.05   -0.32     1.45   -0.78   -8.17      26.09  -19.29    0.016     69.0   23.52   23.83   73.42   0.000   32.39    88
  32.60     4.50  104.27   25.0  -16.81   -0.31     1.45   -0.76   -8.32      26.09  -19.01    0.014     64.7   23.66   23.97   73.76   0.000   32.60    90
  32.80     4.54  104.01   25.0  -16.58   -0.31     1.42   -0.75   -8.69      26.09  -18.73    0.012     65.7   23.79   24.06   74.10  -0.000   32.80    86
  33.00     4.57  103.75   25.0  -16.38   -0.30     1.39   -0.74   -8.20      26.08  -18.50    0.013     64.7   23.91   24.19   74.41  -0.000   32.98    85
  33.20     4.61  103.49   25.1  -16.15   -0.30     1.35   -0.72   -9.44      26.09  -18.22    0.014     75.9   24.05   24.36   74.76   0.000   33.20    76
  33.40     4.65  103.23   25.1  -15.93   -0.29     1.32   -0.71   -9.19      26.09  -17.96    0.015     64.4   24.17   24.42   75.10  -0.000   33.40    81
  33.60     4.69  102.98   25.1  -15.71   -0.28     1.29   -0.69   -8.64      26.09  -17.70    0.017     62.0   24.31   24.52   75.43   0.000   33.61    75
  33.80     4.73  102.73   25.1  -15.49   -0.28     1.28   -0.68   -9.28      26.09  -17.45    0.013     64.8   24.42   24.68   75.77  -0.000   33.78    78
  34.00     4.77  102.47   25.1  -15.24   -0.27     1.26   -0.66   -8.73      26.08  -17.15    0.012     69.4   24.56   24.89   76.09   0.000   33.99    73
  34.20     4.81  102.20   25.1  -15.01   -0.27     1.21   -0.65   -8.48      26.09  -16.88    0.013     72.0   24.68   24.94   76.44   0.000   34.20    69
  34.40     4.85  101.96   25.1  -14.79   -0.26     1.20   -0.64   -9.41      26.09  -16.62    0.013     70.2   24.81   25.09   76.77   0.000   34.39    79
  34.60     4.89  101.72   25.1  -14.56   -0.25     1.16   -0.62  -10.15      26.09  -16.35    0.017     78.2   24.94   25.30   77.13   0.000   34.60    64
  34.80     4.93  101.46   25.1  -14.32   -0.25     1.14   -0.61   -9.47      26.08  -16.07    0.012     73.8   25.06   25.33   77.42   0.000   34.79    66
  35.00     4.97  101.22   25.1  -14.09   -0.24     1.12   -0.60  -10.24      26.09  -15.80    0.014     65.2   25.19   25.47   77.77   0.000   34.99    68
  35.20     5.02  100.96   25.1  -13.84   -0.23     1.11   -0.58   -9.61      26.09  -15.51    0.016     73.1   25.32   25.58   78.13  -0.000   35.21    68
  35.40     5.06  100.73   25.1  -13.61   -0.23     1.06   -0.57  -10.17      26.09  -15.24    0.014     68.1   25.44   25.70   78.46   0.000   35.39    61
  35.60     5.10  100.48   25.1  -13.36   -0.23     1.07   -0.56  -10.53      26.09  -14.96    0.013     61.7   25.56   25.82   78.77  -0.000   35.59    67
  35.80     5.14  100.24   25.1  -13.10   -0.23     1.01   -0.54  -10.66      26.09  -14.66    0.008     64.4   25.68   25.95   79.13  -0.000   35.78    67
  36.00     5.18  100.00   25.1  -12.86   -0.22     1.00   -0.53  -10.01      26.09  -14.39    0.011     76.7   25.81   26.03   79.48  -0.000   35.99    57
  36.20     5.22   99.76   25.1  -12.61   -0.21     0.98   -0.52  -10.36      26.09  -14.09    0.011     76.1   25.94   26.16   79.80   0.000   36.20    56
  36.40     5.27   99.51   25.1  -12.37   -0.20     0.95   -0.50  -10.87      26.09  -13.82    0.017     67.8   26.07   26.41   80.16  -0.000   36.41    55
  36.60     5.31   99.28   25.2  -12.12   -0.20     0.90   -0.49  -11.06      26.10  -13.53    0.015     73.8   26.19   26.44   80.51  -0.000   36.61    47
  36.80     5.35   99.05   25.2  -11.90   -0.19     0.90   -0.48  -10.66      26.09  -13.27    0.017     79.7   26.31   26.58   80.84  -0.000   36.80    58
  37.00     5.40   98.81   25.2  -11.60   -0.19     0.88   -0.46  -11.38      26.10  -12.94    0.011     62.1   26.43   26.71   81.19   0.000   37.00    48
  37.20     5.44   98.57   25.2  -11.34   -0.18     0.85   -0.45  -10.90      26.09  -12.64    0.012     75.1   26.56   26.91   81.52   0.000   37.21    46
  37.40     5.48   98.34   25.2  -11.11   -0.18     0.82   -0.44  -11.65      26.09  -12.38    0.011     59.0   26.67   26.96   81.82   0.000   37.39    43
  37.60     5.53   98.11   25.2  -10.85   -0.17     0.81   -0.43  -12.30      26.09  -12.08    0.010     55.2   26.79   27.11   82.19   0.000   37.58    46
  37.80     5.57   97.87   25.2  -10.57   -0.17     0.78   -0.41  -11.83      26.08  -11.77    0.011     80.0   26.92   27.15   82.50   0.000   37.80    49
  38.00     5.61   97.64   25.2  -10.30   -0.17     0.76   -0.40  -12.16      26.09  -11.45    0.007     63.5   27.04   27.32   82.86   0.000   38.00    48
  38.20     5.66   97.42   25.2  -10.07   -0.15     0.73   -0.39  -11.84      26.09  -11.19    0.014     66.5   27.16   27.41   83.19   0.000   38.20    31
  38.40     5.70   97.19   25.2   -9.82   -0.14     0.71   -0.38  -12.35      26.10  -10.91    0.019     67.6   27.29   27.53   83.57  -0.000   38.41    43
  38.60     5.75   96.96   25.2   -9.54   -0.15     0.68   -0.37  -12.40      26.09  -10.59    0.007     68.2   27.39   27.64   83.85   0.000   38.57    46
  38.80     5.79   96.73   25.2   -9.25   -0.14     0.66   -0.36  -12.92      26.10  -10.27    0.013     64.1   27.53   27.79   84.25  -0.000   38.81    41
  39.00     5.84   96.49   25.2   -9.00   -0.14     0.64   -0.34  -12.57      26.09   -9.98    0.006     85.4   27.63   27.91   84.56   0.000   38.97    33
  39.20     5.88   96.27   25.2   -8.72   -0.13     0.62   -0.33  -13.42      26.10   -9.67    0.011     70.6   27.76   27.97   84.93  -0.000   39.20    28
  39.40     5.93   96.05   25.2   -8.42   -0.13     0.59   -0.32  -12.72      26.09   -9.33    0.009     58.8   27.89   28.21   85.26   0.000   39.42    24
  39.60     5.97   95.84   25.2   -8.20   -0.12     0.58   -0.31  -13.01      26.09   -9.08    0.013     76.8   27.99   28.25   85.57   0.000   39.59    27
  39.80     6.02   95.61   25.2   -7.91   -0.12     0.54   -0.30  -13.36      26.10   -8.76    0.012     62.9   28.12   28.35   85.94   0.000   39.80    29
  40.00     6.06   95.41   25.2   -7.69   -0.10     0.54   -0.29  -13.46      26.10   -8.51    0.027     72.7   28.24   28.53   86.28  -0.000   40.02    22
  40.20     6.11   95.18   25.2   -7.41   -0.09     0.50   -0.27  -13.66      26.09   -8.19    0.027     66.6   28.37   28.65   86.59   0.000   40.23    16
  40.40     6.16   94.97   25.2   -7.10   -0.08     0.48   -0.26  -13.60      26.09   -7.85    0.028     73.8   28.50   28.82   86.99  -0.000   40.45    14
  40.60     6.21   94.75   25.2   -6.81   -0.09     0.47   -0.25  -14.06      26.10   -7.53    0.022     58.4   28.60   28.86   87.32  -0.000   40.63    16
  40.80     6.25   94.53   25.2   -6.47   -0.10     0.43   -0.24  -13.82      26.10   -7.15    0.005     58.9   28.70   28.95   87.66   0.000   40.80    18
  41.00     6.29   94.30   25.2   -6.24   -0.09     0.43   -0.23  -14.49      26.09   -6.89    0.012     59.5   28.81   29.23   87.93   0.000   40.99     7
  41.20     6.35   94.17   25.2   -6.10   -0.05     0.42   -0.22  -14.29      26.08   -6.74    0.041      7.4   28.94   29.26   88.25  -0.001   41.21     2
  41.40     6.39   93.90   25.2   -5.69   -0.08     0.39   -0.21  -14.26      26.09   -6.28    0.004     28.0   29.02   29.29   88.58   0.001   41.35     5
  41.60     6.43   93.68   25.3   -5.46   -0.06     0.37   -0.20  -14.50      26.11   -6.02    0.024     87.9   29.16   29.45   88.98  -0.000   41.59    11
  41.80     6.51   93.38   25.3   -4.93   -0.08     0.33   -0.18  -14.93      26.12   -5.44   -0.001      0.0   29.31   29.62   89.60   0.000   41.85     1
zeta approaching 90 degrees, terminate calculation


average rms velocity error =  0.0549 %
average measured Q value =   0.018 MeV    standard deviation =   29.0 keV  FWHM =   68.1 keV

total number of trajectories 22000   successful trajectories 7616 
low trajectory 0   detector overrun 0   too slow 0   too large radius 0   de/dx lookup error 0   E4 low 10767   miss detector 3617   no z vertex 0   extrapolation fail 0   poor Q value 0 



